287	273	315	297	317	93	14	154	184	236	
295	321	153	105	205	65	36	90	108	200	
213	83	253	229	297	273	129	81	86	134	
139	43	141	161	15	42	48	64	152	248	
217	127	243	67	267	261	88	96	226	270	
177	253	157	189	51	4	50	54	130	206	
207	133	213	0	38	100	142	206	312	318	
159	29	237	221	69	17	259	74	154	212	
39	171	171	219	229	305	25	80	124	204	
223	21	17	21	100	124	160	184	222	244	

Сравнительная таблица сортировок:
Сортировка	Количество перестановок	Количество сравнений
Быстрая сортировка	73	173
Сортировка вставками	15	52
Сортировка методом Шелла	69	289
Сортировка пузырьком	39	81
